region;code;cases
Austria;AT;1
Belgium;BE;2
Bulgaria;BG;3
Croatia;HR;4
Cyprus;CY;2
Czech Republic;CZ;4
Denmark;DK;3
Estonia;EE;1
Finland;FI;5
France;FR;2
Germany;DE;1
Greece;EL;4
Hungary;HU;0
Iceland;IS;1
Ireland;IE;4
Italy;IT;2
Latvia;LV;2
Lithuania;LT;3
Luxembourg;LU;1
Malta;MT;0
Netherlands;NL;5
Norway;NO;2
Poland;PL;3
Portugal;PT;2
Romania;RO;1
Slovakia;SK;4
Slovenia;SI;3
Spain;ES;0
Sweden;SE;2
Switzerland;SW;3
